cpu  6304 0 4872 1972389 1251 0 3105 0 0 0
cpu0 780 0 687 245200 153 0 2239 0 0 0
cpu1 784 0 611 246454 196 0 595 0 0 0
cpu2 746 0 600 246755 194 0 148 0 0 0
cpu3 789 0 597 246767 156 0 49 0 0 0
cpu4 759 0 577 246882 133 0 29 0 0 0
cpu5 801 0 586 246836 148 0 16 0 0 0
cpu6 817 0 600 246729 141 0 14 0 0 0
cpu7 823 0 610 246761 126 0 13 0 0 0
intr 3831214 0 27023 2266018 0 0 0 0 0 0 0 0 1478060 0 0 15150 75 152 29587 1097 3439 15 1 1 1 1 3 10538 53 0 0 0 0 0 0 0 0 0 0 0 0 0 0 0 0 0 0 0 0 0 0 0 0 0 0 0 0 0 0 0 0 0 0 0 0
ctxt 5590681
btime 1729729717
processes 4187
procs_running 1
procs_blocked 0
softirq 2493447 0 130992 57 45467 33219 0 56 1657144 0 626512