cpu 1279636934 73759586 192327563 12184330186 543227057 56603 68503253 0 0 
cpu0 297522664 8968710 49227610 418508635 72446546 56602 24904144 0 0 
cpu1 227756034 9239849 30760881 424439349 196694821 0 7517172 0 0 
cpu2 86902920 6411506 12412331 769921453 17877927 0 4809331 0 0 
... 
intr 47965531372 1240248033 2 0 0 0 0 0 0 1 0 0 0 4 0 0 0 0 128 0 0 0 360 38 0 0 0 ... 
swap 72080475 70517875 ctxt 113062355059 btime 1423804268 realbtime 1423804268 
processes 139640565 
procs_running 3 
procs_blocked 0 
softirq 103392583578 0 3105824580 7624540 1792771145 2125464967 0 290942924 2131429539 52132004 3692080663 